Column1.001 -29.331327438354492 -32.542964935302734 1.0487902164459229
Column1.002 -22.718957901000977 -32.47174072265625 0.9972617626190186
Column1.003 -29.167619705200195 -25.468441009521484 0.9265921115875244
Column1.004 3.8146743774414062 -16.82185173034668 0.9972617626190186
Column1.005 -6.488597869873047 -16.82185173034668 0.9972617626190186
Column1.006 3.8146743774414062 -23.7283935546875 0.9972617626190186
Column1.007 -6.488597869873047 -23.7283935546875 0.9972617626190186
Column1.008 -6.488597869873047 -30.5006046295166 0.9972617626190186
Column1 -6.488597869873047 -38.0706787109375 0.9972617626190186
Column1.009 3.8146743774414062 -38.0706787109375 0.9972617626190186
Column1.010 30.678686141967773 -8.697312355041504 0.9972617626190186
Cylinder.000 0.06846404075622559 36.33356857299805 1.8635077476501465
Cylinder.001 -16.52880859375 35.06675338745117 1.8635077476501465
Cylinder.002 -16.52880859375 36.9743537902832 1.8635077476501465
Cylinder.003 -16.889537811279297 36.40766143798828 1.8635077476501465
Cylinder.004 -16.168079376220703 38.17356872558594 1.8635077476501465
Cylinder.005 -16.52880859375 36.302734375 1.8635077476501465
Cylinder.006 -16.52880859375 38.21033477783203 1.8635077476501465
Cylinder.007 -16.889537811279297 37.64364242553711 1.8635077476501465
Cylinder.008 -16.168079376220703 39.409549713134766 1.8635077476501465
Cylinder.009 -18.247417449951172 36.302734375 1.8635077476501465
Cylinder.010 -18.247417449951172 38.21033477783203 1.8635077476501465
Cylinder.011 -18.60814666748047 37.64364242553711 1.8635077476501465
Cylinder.012 -17.886688232421875 39.409549713134766 1.8635077476501465
Cylinder.013 -17.178592681884766 32.1708869934082 1.8635077476501465
Cylinder.014 -18.461854934692383 33.582332611083984 1.8635077476501465
Cylinder.015 -18.34754180908203 32.92036437988281 1.8635077476501465
Cylinder.016 -19.00167465209961 34.712303161621094 1.8635077476501465
Cylinder.017 -17.816936492919922 40.504188537597656 1.8635077476501465
Cylinder.018 -16.37729263305664 41.755733489990234 1.8635077476501465
Cylinder.019 -17.04163932800293 41.65617370605469 1.8635077476501465
Cylinder.020 -15.235591888427734 42.27028274536133 1.8635077476501465
Cylinder.021 4.343600749969482 37.86664581298828 1.8635077476501465
Cylinder.022 6.064110279083252 37.042762756347656 1.8635077476501465
Cylinder.023 5.708794593811035 37.61286544799805 1.8635077476501465
Cylinder.024 6.989912986755371 36.1994743347168 1.8635077476501465
Cylinder.025 5.4583611488342285 37.33283233642578 1.8635077476501465
Cylinder.026 7.178870677947998 36.50894546508789 1.8635077476501465
Cylinder.027 6.823554992675781 37.07904815673828 1.8635077476501465
Cylinder.028 8.104673385620117 35.6656608581543 1.8635077476501465
Cylinder.029 6.200621128082275 38.88288497924805 1.8635077476501465
Cylinder.030 7.921130657196045 38.05900192260742 1.8635077476501465
Cylinder.031 7.565814971923828 38.62910079956055 1.8635077476501465
Cylinder.032 8.846933364868164 37.21571350097656 1.8635077476501465
Cylinder.033 2.01239013671875 39.70341491699219 1.8635077476501465
Cylinder.034 3.839641571044922 40.251220703125 1.8635077476501465
Cylinder.035 3.193225145339966 40.43402099609375 1.8635077476501465
Cylinder.036 5.0919342041015625 40.25006866455078 1.8635077476501465
Cylinder.037 9.804088592529297 36.68003463745117 1.8635077476501465
Cylinder.038 10.31110954284668 34.84104919433594 1.8635077476501465
Cylinder.039 10.508243560791016 35.483238220214844 1.8635077476501465
Cylinder.040 10.282097816467285 33.589088439941406 1.8635077476501465
Cylinder.041 1.175671100616455 38.90875244140625 1.8635077476501465
Cylinder.042 -2.52073335647583 40.99930191040039 1.8635077476501465
Cylinder.043 23.660226821899414 5.981919765472412 1.8635077476501465
Cylinder.044 -0.8647067546844482 40.92523956298828 1.8635077476501465
Cylinder.045 1.2508957386016846 42.47999572753906 1.8635077476501465
Cylinder.046 -0.8647067546844482 38.797874450683594 1.8635077476501465
Cylinder.047 29.152894973754883 5.981919765472412 1.8635077476501465
Cylinder.048 -3.3400919437408447 38.797874450683594 1.8635077476501465
Cylinder.049 29.152894973754883 11.315496444702148 1.8635077476501465
Cylinder.050 -5.334898948669434 40.89365768432617 1.8635077476501465
Cylinder.051 11.7991943359375 -36.2313232421875 1.8635077476501465
Cylinder.052 12.014602661132812 -38.12672424316406 1.8635077476501465
Cylinder.053 12.30903434753418 -37.52292251586914 1.8635077476501465
Cylinder.054 11.791595458984375 -39.359004974365234 1.8635077476501465
Cylinder.055 11.938763618469238 -37.45940017700195 1.8635077476501465
Cylinder.056 12.154169082641602 -39.354801177978516 1.8635077476501465
Cylinder.057 12.448600769042969 -38.750999450683594 1.8635077476501465
Cylinder.058 11.931164741516113 -40.58707809448242 1.8635077476501465
Cylinder.059 13.646379470825195 -37.26533508300781 1.8635077476501465
Cylinder.060 13.861787796020508 -39.16073226928711 1.8635077476501465
Cylinder.061 14.15621566772461 -38.55693435668945 1.8635077476501465
Cylinder.062 13.63878059387207 -40.39301300048828 1.8635077476501465
Cylinder.063 12.117819786071777 -33.28060531616211 1.8635077476501465
Cylinder.083 22.457685470581055 12.558576583862305 1.8635077476501465
Cylinder.161 -22.70595359802246 11.630013465881348 1.8635077476501465
Cylinder.162 -24.137250900268555 11.630013465881348 1.8635077476501465
Cylinder.163 -23.82221031188965 8.641863822937012 1.8635077476501465
Cylinder.164 -24.52092170715332 9.89102840423584 1.8635077476501465
Cylinder.174 -26.12465476989746 8.434693336486816 1.8635077476501465
Cylinder.181 -22.70595359802246 5.530991077423096 1.8635077476501465
Cylinder.183 -23.82221031188965 2.5428414344787598 1.8635077476501465
Cylinder.184 -24.52092170715332 3.792006015777588 1.8635077476501465
Cylinder.193 -25.458147048950195 1.0690293312072754 1.8635077476501465
Cylinder.199 -26.319913864135742 5.033438205718994 1.8635077476501465
Cylinder.203 -23.84089469909668 -0.09491682052612305 1.8635077476501465
Cylinder.207 -28.60300636291504 -5.31394100189209 1.8635077476501465
Cylinder.208 -29.780061721801758 -4.49959659576416 1.8635077476501465
Cylinder.209 -28.915313720703125 -2.1394286155700684 1.8635077476501465
Cylinder.210 -30.200632095336914 -2.769165277481079 1.8635077476501465
Cylinder.211 -28.60300636291504 -5.31394100189209 1.8635077476501465
Cylinder.212 -29.780061721801758 -4.49959659576416 1.8635077476501465
Cylinder.213 -23.80801773071289 -2.2965822219848633 1.8635077476501465
Cylinder.214 -25.20030975341797 -1.9647181034088135 1.8635077476501465
Cylinder.215 -25.586694717407227 -4.944483280181885 1.8635077476501465
Cylinder.216 -25.97673225402832 -3.567354440689087 1.8635077476501465
Cylinder.219 -27.359899520874023 -0.3361459970474243 1.8635077476501465
Cylinder.220 -28.762990951538086 -0.6188912391662598 1.8635077476501465
Cylinder.223 -30.394203186035156 -4.9939351081848145 1.8635077476501465
Cylinder.224 -31.794532775878906 -4.697819232940674 1.8635077476501465
Cylinder.227 -35.15631103515625 -10.212959289550781 1.8635077476501465
Cylinder.231 -35.15631103515625 -10.212959289550781 1.8635077476501465
Cylinder.233 -30.361326217651367 -7.195600509643555 1.8635077476501465
Cylinder.234 -31.753618240356445 -6.863736152648926 1.8635077476501465
Cylinder.235 -32.1400032043457 -9.843502044677734 1.8635077476501465
Cylinder.236 -32.53003692626953 -8.4663724899292 1.8635077476501465
Cylinder.243 -33.88539123535156 -13.366552352905273 1.8635077476501465
Cylinder.253 -33.852516174316406 -15.568218231201172 1.8635077476501465
Cylinder.263 -33.88539123535156 -20.52777099609375 1.8635077476501465
Cylinder.273 -33.852516174316406 -22.72943687438965 1.8635077476501465
Cylinder.329 -23.1677188873291 -8.120230674743652 1.8635077476501465
Cylinder.330 -26.684432983398438 -11.66733169555664 1.8635077476501465
Cylinder.331 -28.179710388183594 -17.324481964111328 1.8635077476501465
Cylinder.332 -25.777677536010742 -17.324481964111328 1.8635077476501465
Cylinder.333 -14.342827796936035 -17.324481964111328 1.8635077476501465
Cylinder.334 -14.342827796936035 -11.118715286254883 1.8635077476501465
Cylinder.335 -16.33066749572754 -11.118715286254883 1.8635077476501465
Cylinder.336 5.249250888824463 -25.253509521484375 1.8635077476501465
Cylinder.337 13.552255630493164 -34.538116455078125 1.8635077476501465
Cylinder.338 13.363924026489258 -33.89329147338867 1.8635077476501465
Cylinder.339 14.21622085571289 -35.59990310668945 1.8635077476501465
Cylinder.340 13.693083763122559 -41.488525390625 1.8635077476501465
Cylinder.344 11.000154495239258 -32.993534088134766 1.8635077476501465
Cylinder.345 10.808940887451172 -28.751216888427734 1.8635077476501465
Cylinder.347 11.625496864318848 -30.19383430480957 1.8635077476501465
Cylinder.349 9.822799682617188 -31.323421478271484 1.8635077476501465
Cylinder.350 12.751935958862305 -29.063417434692383 1.8635077476501465
Cylinder.351 8.508421897888184 -29.225818634033203 1.8635077476501465
Cylinder.353 9.225154876708984 -26.422630310058594 1.8635077476501465
Cylinder.354 11.7991943359375 -22.97665023803711 1.8635077476501465
Cylinder.355 12.014602661132812 -24.872051239013672 1.8635077476501465
Cylinder.356 12.30903434753418 -24.26824951171875 1.8635077476501465
Cylinder.357 11.791595458984375 -26.104331970214844 1.8635077476501465
Cylinder.358 11.938763618469238 -24.204727172851562 1.8635077476501465
Cylinder.359 12.154169082641602 -26.100128173828125 1.8635077476501465
Cylinder.360 12.448600769042969 -25.496326446533203 1.8635077476501465
Cylinder.361 11.931164741516113 -27.33240509033203 1.8635077476501465
Cylinder.362 13.646379470825195 -24.010662078857422 1.8635077476501465
Cylinder.363 13.861787796020508 -25.90605926513672 1.8635077476501465
Cylinder.364 14.15621566772461 -25.302261352539062 1.8635077476501465
Cylinder.365 13.63878059387207 -27.13833999633789 1.8635077476501465
Cylinder.366 12.117819786071777 -20.02593231201172 1.8635077476501465
Cylinder.367 13.552255630493164 -21.283443450927734 1.8635077476501465
Cylinder.368 13.363924026489258 -20.63861846923828 1.8635077476501465
Cylinder.369 14.21622085571289 -22.345230102539062 1.8635077476501465
Cylinder.370 13.693083763122559 -28.23385238647461 1.8635077476501465
Cylinder.371 12.403972625732422 -29.639957427978516 1.8635077476501465
Cylinder.372 13.052827835083008 -29.466014862060547 1.8635077476501465
Cylinder.373 11.327675819396973 -30.280139923095703 1.8635077476501465
Cylinder.374 11.000154495239258 -19.738861083984375 1.8635077476501465
Cylinder.375 10.808940887451172 -15.496543884277344 1.8635077476501465
Cylinder.377 11.625496864318848 -16.93916130065918 1.8635077476501465
Cylinder.378 14.066314697265625 -17.906347274780273 1.8635077476501465
Cylinder.379 9.822799682617188 -18.068748474121094 1.8635077476501465
Cylinder.380 12.751935958862305 -15.808744430541992 1.8635077476501465
Cylinder.381 8.508421897888184 -15.971145629882812 1.8635077476501465
Cylinder.382 13.468669891357422 -13.005558013916016 1.8635077476501465
Cylinder.383 9.225154876708984 -13.167957305908203 1.8635077476501465
Cylinder.384 24.1092529296875 -5.5410637855529785 1.8635077476501465
Cylinder.387 21.02168846130371 -6.04046106338501 1.8635077476501465
Cylinder.389 21.084598541259766 -6.397558689117432 1.8635077476501465
Cylinder.390 21.72813606262207 -6.590242862701416 1.8635077476501465
Cylinder.391 19.832469940185547 -6.3772149085998535 1.8635077476501465
Cylinder.392 23.38827896118164 -7.531404972076416 1.8635077476501465
Cylinder.393 21.5528507232666 -8.0511474609375 1.8635077476501465
Cylinder.394 22.19638442993164 -8.243829727172852 1.8635077476501465
Cylinder.395 20.300718307495117 -8.030801773071289 1.8635077476501465
Cylinder.396 27.072599411010742 -5.377258777618408 1.8635077476501465
Cylinder.397 26.064189910888672 -6.996532917022705 1.8635077476501465
Cylinder.398 26.669965744018555 -6.7061848640441895 1.8635077476501465
Cylinder.399 25.124048233032227 -7.823803424835205 1.8635077476501465
Cylinder.400 19.228490829467773 -8.26193618774414 1.8635077476501465
Cylinder.401 17.632051467895508 -7.217752933502197 1.8635077476501465
Cylinder.402 17.90885353088379 -7.829838275909424 1.8635077476501465
Cylinder.403 16.825899124145508 -6.2594380378723145 1.8635077476501465
Cylinder.404 27.17473793029785 -4.227844715118408 1.8635077476501465
Cylinder.407 30.038772583007812 -4.391178607940674 1.8635077476501465
Cylinder.409 28.631959915161133 -2.795383930206299 1.8635077476501465
Cylinder.411 30.488813400268555 -1.15842866897583 1.8635077476501465
Cylinder.413 33.37110137939453 -1.4113812446594238 1.8635077476501465
Cylinder.414 -21.095537185668945 20.884780883789062 1.8635077476501465
Cylinder.415 -19.895902633666992 22.36795997619629 1.8635077476501465
Cylinder.416 -20.53274917602539 22.154203414916992 1.8635077476501465
Cylinder.417 -18.86128044128418 23.073511123657227 1.8635077476501465
Cylinder.418 -20.31826400756836 21.84576988220215 1.8635077476501465
Cylinder.419 -19.118629455566406 23.328948974609375 1.8635077476501465
Cylinder.420 -19.755477905273438 23.115192413330078 1.8635077476501465
Cylinder.421 -18.084009170532227 24.03449821472168 1.8635077476501465
Cylinder.422 -21.654497146606445 22.926549911499023 1.8635077476501465
Cylinder.423 -20.454866409301758 24.40972900390625 1.8635077476501465
Cylinder.424 -21.091711044311523 24.195972442626953 1.8635077476501465
Cylinder.425 -19.420244216918945 25.115280151367188 1.8635077476501465
Cylinder.426 -23.421873092651367 19.04184341430664 1.8635077476501465
Cylinder.427 -23.532007217407227 20.94626235961914 1.8635077476501465
Cylinder.428 -23.859416961669922 20.35968780517578 1.8635077476501465
Cylinder.429 -23.241121292114258 22.164304733276367 1.8635077476501465
Cylinder.430 -18.677627563476562 25.922510147094727 1.8635077476501465
Cylinder.431 -16.7712345123291 25.99024772644043 1.8635077476501465
Cylinder.432 -17.35038185119629 26.330625534057617 1.8635077476501465
Cylinder.433 -15.559961318969727 25.672334671020508 1.8635077476501465
Cylinder.434 -22.842382431030273 18.043956756591797 1.8635077476501465
Cylinder.437 -25.276268005371094 16.525545120239258 1.8635077476501465
Cylinder.439 -23.206636428833008 16.033296585083008 1.8635077476501465
Cylinder.441 -23.7794132232666 13.625090599060059 1.8635077476501465
Cylinder.443 -26.279897689819336 12.169361114501953 1.8635077476501465
Cylinder.444 -36.41307067871094 -25.421098709106445 1.8635077476501465
Cylinder.445 -35.73057174682617 -23.6397705078125 1.8635077476501465
Cylinder.446 -36.270172119140625 -24.039888381958008 1.8635077476501465
Cylinder.447 -34.96466064453125 -22.648998260498047 1.8635077476501465
Cylinder.448 -35.970863342285156 -24.266931533813477 1.8635077476501465
Cylinder.449 -35.28835678100586 -22.48560333251953 1.8635077476501465
Cylinder.450 -35.82796096801758 -22.88572120666504 1.8635077476501465
Cylinder.451 -34.52244567871094 -21.49483299255371 1.8635077476501465
Cylinder.452 -37.57570266723633 -23.65204620361328 1.8635077476501465
Cylinder.453 -36.8931999206543 -21.870718002319336 1.8635077476501465
Cylinder.454 -37.432804107666016 -22.270835876464844 1.8635077476501465
Cylinder.455 -36.12729263305664 -20.879945755004883 1.8635077476501465
Cylinder.456 -38.055931091308594 -27.89279556274414 1.8635077476501465
Cylinder.457 -38.7492561340332 -26.115650177001953 1.8635077476501465
Cylinder.458 -38.87934875488281 -26.77469825744629 1.8635077476501465
Cylinder.459 -38.849063873291016 -24.867340087890625 1.8635077476501465
Cylinder.460 -35.6705207824707 -19.882720947265625 1.8635077476501465
Cylinder.461 -33.878395080566406 -19.229103088378906 1.8635077476501465
Cylinder.462 -34.534385681152344 -19.08438491821289 1.8635077476501465
Cylinder.463 -32.628170013427734 -19.15709114074707 1.8635077476501465
Cylinder.464 -37.19640350341797 -28.66272735595703 1.8635077476501465
Cylinder.465 -38.98215866088867 -32.51563262939453 1.8635077476501465
Cylinder.466 -42.882530212402344 -29.047142028808594 1.8635077476501465
Cylinder.467 -39.041839599609375 -30.859024047851562 1.8635077476501465
Cylinder.468 -40.7620849609375 -28.875642776489258 1.8635077476501465
Cylinder.469 -36.9213981628418 -30.687524795532227 1.8635077476501465
Cylinder.470 -40.562530517578125 -31.342973709106445 1.8635077476501465
Cylinder.471 -36.72184371948242 -33.154850006103516 1.8635077476501465
Cylinder.472 -42.490684509277344 -33.500240325927734 1.8635077476501465
Cylinder.473 -38.64999771118164 -35.31211853027344 1.8635077476501465
Cylinder.474 -25.6685733795166 -40.11525344848633 1.8635077476501465
Cylinder.475 -27.575546264648438 -40.16407775878906 1.8635077476501465
Cylinder.476 -26.99981117248535 -40.51018524169922 1.8635077476501465
Cylinder.477 -28.783605575561523 -39.83415222167969 1.8635077476501465
Cylinder.478 -26.904150009155273 -40.146888732910156 1.8635077476501465
Cylinder.479 -28.811124801635742 -40.195701599121094 1.8635077476501465
Cylinder.480 -28.23538589477539 -40.541812896728516 1.8635077476501465
Cylinder.481 -30.019180297851562 -39.86577606201172 1.8635077476501465
Cylinder.485 -29.97519874572754 -41.58382797241211 1.8635077476501465
Cylinder.486 -22.75702667236328 -40.69071960449219 1.8635077476501465
Cylinder.487 -24.135173797607422 -42.00967788696289 1.8635077476501465
Cylinder.488 -23.476346969604492 -41.87846374511719 1.8635077476501465
Cylinder.489 -25.25095558166504 -42.57823944091797 1.8635077476501465
Cylinder.490 -31.071264266967773 -41.5421142578125 1.8635077476501465
Cylinder.491 -32.35923767089844 -40.13496780395508 1.8635077476501465
Cylinder.492 -32.242706298828125 -40.796546936035156 1.8635077476501465
Cylinder.493 -32.902835845947266 -39.00680923461914 1.8635077476501465
Cylinder.494 -22.373302459716797 -39.60244369506836 1.8635077476501465
Cylinder.495 -18.13051986694336 -39.78297424316406 1.8635077476501465
Cylinder.497 -19.639022827148438 -40.470237731933594 1.8635077476501465
Cylinder.498 -20.81597137451172 -42.817115783691406 1.8635077476501465
Cylinder.499 -20.606626510620117 -38.575660705566406 1.8635077476501465
Cylinder.500 -18.611454010009766 -41.69122314453125 1.8635077476501465
Cylinder.501 -18.402116775512695 -37.44976806640625 1.8635077476501465
Cylinder.503 -15.672344207763672 -38.40891647338867 1.8635077476501465
Cylinder.504 -7.475317001342773 -40.11525344848633 1.8635077476501465
Cylinder.505 -9.38228988647461 -40.16407775878906 1.8635077476501465
Cylinder.506 -8.806554794311523 -40.51018524169922 1.8635077476501465
Cylinder.507 -10.590349197387695 -39.83415222167969 1.8635077476501465
Cylinder.508 -8.710893630981445 -40.146888732910156 1.8635077476501465
Cylinder.509 -10.617868423461914 -40.195701599121094 1.8635077476501465
Cylinder.510 -10.042129516601562 -40.541812896728516 1.8635077476501465
Cylinder.511 -11.825923919677734 -39.86577606201172 1.8635077476501465
Cylinder.515 -11.781942367553711 -41.58382797241211 1.8635077476501465
Cylinder.516 -4.563770294189453 -40.69071960449219 1.8635077476501465
Cylinder.517 -5.941917419433594 -42.00967788696289 1.8635077476501465
Cylinder.518 -5.283090591430664 -41.87846374511719 1.8635077476501465
Cylinder.519 -7.057699203491211 -42.57823944091797 1.8635077476501465
Cylinder.520 -12.878007888793945 -41.5421142578125 1.8635077476501465
Cylinder.521 -14.16598129272461 -40.13496780395508 1.8635077476501465
Cylinder.522 -14.049449920654297 -40.796546936035156 1.8635077476501465
Cylinder.523 -14.709579467773438 -39.00680923461914 1.8635077476501465
Cylinder.524 -4.180046081542969 -39.60244369506836 1.8635077476501465
Cylinder.525 0.06273651123046875 -39.78297424316406 1.8635077476501465
Cylinder.527 -1.4457664489746094 -40.470237731933594 1.8635077476501465
Cylinder.529 -2.413370132446289 -38.575660705566406 1.8635077476501465
Cylinder.531 -0.2088603973388672 -37.44976806640625 1.8635077476501465
Cylinder.533 2.5209121704101562 -38.40891647338867 1.8635077476501465
Cylinder.534 2.1050262451171875 -40.11525344848633 1.8635077476501465
Cylinder.535 0.19805335998535156 -40.16407775878906 1.8635077476501465
Cylinder.536 0.7737884521484375 -40.51018524169922 1.8635077476501465
Cylinder.537 -1.0100059509277344 -39.83415222167969 1.8635077476501465
Cylinder.538 0.8694496154785156 -40.146888732910156 1.8635077476501465
Cylinder.539 -1.0375251770019531 -40.195701599121094 1.8635077476501465
Cylinder.540 -0.46178627014160156 -40.541812896728516 1.8635077476501465
Cylinder.541 -2.2455806732177734 -39.86577606201172 1.8635077476501465
Cylinder.543 -0.9935436248779297 -41.91374588012695 1.8635077476501465
Cylinder.544 -0.41780662536621094 -42.25985336303711 1.8635077476501465
Cylinder.545 -2.20159912109375 -41.58382797241211 1.8635077476501465
Cylinder.546 5.016572952270508 -40.69071960449219 1.8635077476501465
Cylinder.548 4.297252655029297 -41.87846374511719 1.8635077476501465
Cylinder.549 2.52264404296875 -42.57823944091797 1.8635077476501465
Cylinder.550 -3.2976646423339844 -41.5421142578125 1.8635077476501465
Cylinder.551 -4.585638046264648 -40.13496780395508 1.8635077476501465
Cylinder.552 -4.469106674194336 -40.796546936035156 1.8635077476501465
Cylinder.553 -5.129236221313477 -39.00680923461914 1.8635077476501465
Cylinder.554 5.400297164916992 -39.60244369506836 1.8635077476501465
Cylinder.555 9.64307975769043 -39.78297424316406 1.8635077476501465
Cylinder.557 8.134576797485352 -40.470237731933594 1.8635077476501465
Cylinder.559 7.166973114013672 -38.575660705566406 1.8635077476501465
Cylinder.560 9.162145614624023 -41.69122314453125 1.8635077476501465
Cylinder.561 9.371482849121094 -37.44976806640625 1.8635077476501465
Cylinder.563 12.101255416870117 -38.40891647338867 1.8635077476501465
Cylinder.564 36.20724105834961 4.509986400604248 1.8635077476501465
Cylinder.565 35.39459228515625 2.7841455936431885 1.8635077476501465
Cylinder.566 35.962364196777344 3.1431655883789062 1.8635077476501465
Cylinder.567 34.557350158691406 1.8528656959533691 1.8635077476501465
Cylinder.568 35.68070602416992 3.3917696475982666 1.8635077476501465
Cylinder.569 34.8680419921875 1.6659321784973145 1.8635077476501465
Cylinder.571 34.030799865722656 0.7346553802490234 1.8635077476501465
Cylinder.572 37.23555374145508 2.6596295833587646 1.8635077476501465
Cylinder.574 36.99067306518555 1.2928085327148438 1.8635077476501465
Cylinder.575 35.585662841796875 0.002506732940673828 1.8635077476501465
Cylinder.576 38.028785705566406 6.853110313415527 1.8635077476501465
Cylinder.577 38.58848190307617 5.029468059539795 1.8635077476501465
Cylinder.578 38.767066955566406 5.677059650421143 1.8635077476501465
Cylinder.579 38.595489501953125 3.777195692062378 1.8635077476501465
Cylinder.580 35.05622863769531 -0.9581189155578613 1.8635077476501465
Cylinder.581 33.22058868408203 -1.4771051406860352 1.8635077476501465
Cylinder.582 33.864044189453125 -1.6700472831726074 1.8635077476501465
Cylinder.583 31.96846580505371 -1.4562501907348633 1.8635077476501465
Cylinder.584 37.228694915771484 7.684641361236572 1.8635077476501465
Cylinder.585 39.29511642456055 11.394588470458984 1.8635077476501465
Cylinder.587 39.231842041015625 9.738109588623047 1.8635077476501465
Cylinder.588 40.80034637451172 7.632678031921387 1.8635077476501465
Cylinder.589 37.104522705078125 9.724249839782715 1.8635077476501465
Cylinder.590 40.78422164916992 10.108013153076172 1.8635077476501465
Cylinder.591 37.08839416503906 12.199575424194336 1.8635077476501465
Cylinder.593 39.171146392822266 14.208002090454102 1.8635077476501465
Cylinder.594 27.76479721069336 11.315496444702148 1.8635077476501465
Cylinder.595 27.76479721069336 15.252999305725098 1.8635077476501465
Cylinder.596 25.165979385375977 15.252999305725098 1.8635077476501465
Cylinder.597 25.165979385375977 25.168243408203125 1.8635077476501465
Cylinder.598 34.79616165161133 25.168243408203125 1.8635077476501465
Cylinder.599 33.50975036621094 25.168243408203125 1.8635077476501465
Cylinder.600 31.934890747070312 25.168243408203125 1.8635077476501465
Cylinder.601 34.79616165161133 28.04926872253418 1.8635077476501465
Cylinder.602 31.934890747070312 28.04926872253418 1.8635077476501465
Cylinder.603 22.481281280517578 19.46768569946289 1.8635077476501465
Cylinder.604 19.912498474121094 20.72793197631836 1.8635077476501465
Cylinder.605 25.568931579589844 28.68581771850586 1.8635077476501465
Cylinder.606 26.278343200683594 31.457748413085938 1.8635077476501465
Cylinder.607 26.278343200683594 30.14997673034668 1.8635077476501465
Cylinder.608 33.19305419921875 20.07558822631836 1.8635077476501465
Cylinder.609 31.656829833984375 17.66169548034668 1.8635077476501465
Cylinder.610 32.063507080078125 18.904626846313477 1.8635077476501465
Cylinder.611 30.76938819885254 11.272903442382812 1.8635077476501465
Cylinder.612 32.73929214477539 9.197729110717773 1.8635077476501465
Cylinder.613 31.631877899169922 9.89336109161377 1.8635077476501465
Cylinder.614 11.272636413574219 22.4652042388916 1.8635077476501465
Cylinder.615 13.24254035949707 20.390029907226562 1.8635077476501465
Cylinder.616 12.135126113891602 21.085662841796875 1.8635077476501465
Cylinder.617 13.70589542388916 15.7201509475708 1.8635077476501465
Cylinder.618 10.852262496948242 15.511225700378418 1.8635077476501465
Cylinder.619 12.092145919799805 15.92711353302002 1.8635077476501465
Cylinder.620 16.442138671875 25.168243408203125 1.8635077476501465
Cylinder.621 19.999746322631836 28.869295120239258 1.8635077476501465
Cylinder.622 19.999746322631836 33.344505310058594 1.8635077476501465
Cylinder.623 32.19016647338867 33.344505310058594 1.8635077476501465
Cylinder.624 28.688791275024414 37.044551849365234 1.8635077476501465
Cylinder.625 34.70826721191406 37.044551849365234 1.8635077476501465
Cylinder.626 29.563678741455078 39.985836029052734 1.8635077476501465
Cylinder.627 26.572860717773438 39.985836029052734 1.8635077476501465
Cylinder.628 27.348798751831055 39.985836029052734 1.8635077476501465
Cylinder.629 28.553138732910156 38.984527587890625 1.8635077476501465
Cylinder.630 39.790245056152344 34.817752838134766 1.8635077476501465
Cylinder.631 38.71181106567383 35.37602233886719 1.8635077476501465
Cylinder.632 39.41600036621094 22.556610107421875 1.8635077476501465
Cylinder.633 39.41600036621094 24.023788452148438 1.8635077476501465
Cylinder.634 27.267513275146484 21.24982261657715 1.8635077476501465
Cylinder.635 35.89868927001953 16.32768440246582 1.8635077476501465
Cylinder.636 18.556068420410156 16.32768440246582 1.8635077476501465
Cylinder.637 18.556068420410156 7.128962516784668 1.8635077476501465
Cylinder.638 18.556068420410156 0.918022632598877 1.8635077476501465
Cylinder.639 18.556068420410156 2.4589121341705322 1.8635077476501465
Cylinder.640 23.38923454284668 2.4589121341705322 1.8635077476501465
Cylinder.641 23.38923454284668 -3.0630786418914795 1.8635077476501465
Cylinder.642 26.0751953125 -0.8037326335906982 1.8635077476501465
Cylinder.643 16.442138671875 29.08625030517578 1.8635077476501465
Cylinder.644 7.178388595581055 29.08625030517578 1.8635077476501465
Cylinder.645 7.178388595581055 24.87038230895996 1.8635077476501465
Cylinder.646 16.202686309814453 32.003746032714844 1.8635077476501465
Cylinder.647 16.202686309814453 35.74977111816406 1.8635077476501465
Cylinder.648 6.181180000305176 13.896062850952148 1.8635077476501465
Cylinder.649 1.554786205291748 19.01807403564453 1.8635077476501465
Cylinder.650 -17.675573348999023 19.01807403564453 1.8635077476501465
Cylinder.651 -13.962907791137695 16.15676498413086 1.8635077476501465
Cylinder.652 -10.762475967407227 -27.315114974975586 1.8635077476501465
Cylinder.653 -14.178850173950195 -33.20401382446289 1.8635077476501465
Cylinder.654 -35.983482360839844 -13.366552352905273 1.8635077476501465
Cylinder.655 -35.983482360839844 -16.487178802490234 1.8635077476501465
Cylinder.657 2.01239013671875 36.33356857299805 1.8635077476501465
Cylinder.658 2.01239013671875 37.70223617553711 1.8635077476501465
Cylinder.659 0.06846404075622559 34.798492431640625 1.8635077476501465
Cylinder.660 1.6935482025146484 34.798492431640625 1.8635077476501465
Cylinder.661 0.40161728858947754 37.87029266357422 1.8635077476501465
Cylinder.662 -11.460461616516113 34.61436080932617 1.8635077476501465
Cylinder.663 -6.528439044952393 33.19871520996094 1.8635077476501465
Cylinder.664 -5.820510387420654 34.22571563720703 1.8635077476501465
Cylinder.665 -38.98215866088867 -36.97395324707031 1.8635077476501465
Cylinder.666 -34.30306625366211 -36.97395324707031 1.8635077476501465
Cylinder.667 -36.43614959716797 -35.020225524902344 1.8635077476501465
Cylinder.668 -35.6879997253418 -38.56401062011719 1.8635077476501465
Cylinder.669 -35.6879997253418 -36.51212692260742 1.8635077476501465
Cylinder.670 -32.966148376464844 -29.32443618774414 1.8635077476501465
Cylinder.671 -30.87674331665039 -36.39807891845703 1.8635077476501465
Cylinder.672 -26.259687423706055 -24.011341094970703 1.8635077476501465
Cylinder.673 21.12445068359375 -39.359004974365234 1.8635077476501465
Cylinder.674 21.12445068359375 -41.75796127319336 1.8635077476501465
Cylinder.675 19.740924835205078 -41.75796127319336 1.8635077476501465
Cylinder.676 23.156723022460938 -41.75796127319336 1.8635077476501465
Cylinder.677 23.915010452270508 -39.430381774902344 1.8635077476501465
Cylinder.678 -19.488422393798828 -27.89279556274414 1.8635077476501465
Cylinder.679 34.99832534790039 -39.359004974365234 1.8635077476501465
Cylinder.680 34.99832534790039 -41.75796127319336 1.8635077476501465
Cylinder.681 33.61479949951172 -41.75796127319336 1.8635077476501465
Cylinder.682 37.78888702392578 -39.430381774902344 1.8635077476501465
Cylinder.683 -24.182056427001953 3.213897705078125 1.8635077476501465
Cylinder.684 34.99832534790039 -8.252311706542969 1.8635077476501465
Cylinder.685 34.99832534790039 -10.651268005371094 1.8635077476501465
Cylinder.686 33.61479949951172 -10.651268005371094 1.8635077476501465
Cylinder.687 37.78888702392578 -8.323688507080078 1.8635077476501465
Cylinder.688 -11.221346855163574 26.683799743652344 1.8635077476501465
Cylinder.689 36.32676696777344 -11.260671615600586 1.8635077476501465
Cylinder.690 35.297054290771484 -13.427392959594727 1.8635077476501465
Cylinder.691 34.047462463378906 -12.833538055419922 1.8635077476501465
Cylinder.692 38.81654739379883 -12.522941589355469 1.8635077476501465
Cylinder.693 19.621274948120117 -12.740020751953125 1.8635077476501465
Cylinder.694 19.621274948120117 -20.99763298034668 1.8635077476501465
Cylinder.695 27.552066802978516 -20.99763298034668 1.8635077476501465
Cylinder.696 27.552066802978516 -29.057979583740234 1.8635077476501465
Cylinder.697 20.65045928955078 -29.057979583740234 1.8635077476501465
Cylinder.698 24.924266815185547 -34.28632354736328 1.8635077476501465
Cylinder.699 33.68293380737305 -34.28632354736328 1.8635077476501465
Cylinder.700 33.68293380737305 -32.31884002685547 1.8635077476501465
Cylinder.701 19.413097381591797 -32.31884002685547 1.8635077476501465
Cylinder.702 23.322338104248047 -12.358673095703125 1.8635077476501465
Cylinder.703 23.322338104248047 -13.977601051330566 1.8635077476501465
Cylinder.704 22.07657814025879 -16.05156135559082 1.8635077476501465
Cylinder.705 22.07657814025879 -18.28173828125 1.8635077476501465
Cylinder.706 20.13279151916504 -18.28173828125 1.8635077476501465
Cylinder.707 20.13279151916504 -17.306930541992188 1.8635077476501465
Cylinder.708 33.521671295166016 -19.854509353637695 1.8635077476501465
Cylinder.709 32.148345947265625 -17.306930541992188 1.8635077476501465
Cylinder.710 26.901382446289062 -23.422792434692383 1.8635077476501465
Cylinder.711 26.901382446289062 -22.096179962158203 1.8635077476501465
Cylinder.712 26.901382446289062 -19.904146194458008 1.8635077476501465
Cylinder.713 22.174516677856445 -19.904146194458008 1.8635077476501465
Cylinder.714 23.81419563293457 -19.904146194458008 1.8635077476501465
Cylinder.715 25.308815002441406 -19.904146194458008 1.8635077476501465
Cylinder.716 27.61319351196289 -25.99944496154785 1.8635077476501465
Cylinder.717 27.61319351196289 -24.74188804626465 1.8635077476501465
Cylinder.718 27.61319351196289 -27.566377639770508 1.8635077476501465
Cylinder.719 26.40984535217285 -27.566377639770508 1.8635077476501465
Cylinder.720 19.999746322631836 37.32048034667969 1.8635077476501465
Cylinder.721 23.079896926879883 39.32071304321289 1.8635077476501465
Cylinder.722 21.14989471435547 39.32071304321289 1.8635077476501465
Cylinder.723 21.14989471435547 37.525978088378906 1.8635077476501465
Cylinder.724 24.83431625366211 38.66777801513672 1.8635077476501465
Cylinder.725 25.5256404876709 38.66777801513672 1.8635077476501465
Cylinder.726 8.641023635864258 38.66777801513672 1.8635077476501465
Cylinder.727 10.831365585327148 38.66777801513672 1.8635077476501465
Cylinder.728 10.831365585327148 37.17586898803711 1.8635077476501465
Cylinder.729 12.694796562194824 37.17586898803711 1.8635077476501465
Cylinder.730 12.694796562194824 38.367252349853516 1.8635077476501465
Cylinder.731 38.1768798828125 37.044551849365234 1.8635077476501465
Cylinder.732 38.1768798828125 38.66318893432617 1.8635077476501465
Cylinder.733 30.692777633666992 38.66318893432617 1.8635077476501465
Cylinder.734 -25.0163631439209 6.665156364440918 1.8635077476501465
Cylinder.735 -25.0163631439209 14.58281135559082 1.8635077476501465
Cylinder.736 -23.71237564086914 17.578453063964844 1.8635077476501465
Cylinder.737 -23.71237564086914 15.092239379882812 1.8635077476501465
Cylinder.738 -25.7830753326416 2.459202766418457 1.8635077476501465
Cylinder.739 -25.16827964782715 5.517518997192383 1.8635077476501465
Cylinder.740 -33.852291107177734 -10.212959289550781 1.8635077476501465
Cylinder.741 -34.30306625366211 -38.631874084472656 1.8635077476501465
Cylinder.742 -24.581315994262695 -40.85922622680664 1.8635077476501465
Cylinder.743 -16.73548126220703 -38.40891647338867 1.8635077476501465
Cylinder.744 -16.73548126220703 -40.46921920776367 1.8635077476501465
Cylinder.745 -20.888565063476562 -40.46921920776367 1.8635077476501465
Cylinder.746 37.482608795166016 -10.651268005371094 1.8635077476501465
Cylinder.747 36.41615676879883 -9.368342399597168 1.8635077476501465
Cylinder.748 36.41615676879883 -12.29146957397461 1.8635077476501465
Cylinder.749 23.322338104248047 -10.823028564453125 1.8635077476501465
Cylinder.750 19.590469360351562 -24.9110107421875 1.8635077476501465
Cylinder.751 33.02158737182617 -24.9110107421875 1.8635077476501465
Cylinder.752 23.390399932861328 -9.790766716003418 1.8635077476501465
Cylinder.753 31.24222183227539 -2.259500026702881 1.8635077476501465
Cylinder.754 31.24222183227539 -4.138498783111572 1.8635077476501465
Cylinder.755 28.32056427001953 -4.138498783111572 1.8635077476501465
Cylinder.756 23.67543601989746 35.3862190246582 1.8635077476501465
Cylinder.757 28.259031295776367 26.98049545288086 1.8635077476501465
Cylinder.758 28.259031295776367 17.759689331054688 1.8635077476501465
Cylinder.759 28.259031295776367 0.20557022094726562 1.8635077476501465
Cylinder.760 13.358590126037598 4.026750564575195 1.8635077476501465
Cylinder.761 13.358590126037598 5.58015775680542 1.8635077476501465
Cylinder.762 19.673444747924805 -26.479084014892578 1.8635077476501465
Cylinder.763 22.650543212890625 -14.995290756225586 1.8635077476501465
Cylinder.764 22.650543212890625 -17.411441802978516 1.8635077476501465
Cylinder.765 24.317546844482422 -17.411441802978516 1.8635077476501465
Cylinder.766 -33.88539123535156 -11.73172378540039 1.8635077476501465
Cylinder.767 -33.88539123535156 -16.96807861328125 1.8635077476501465
Cylinder.768 -35.28109359741211 -14.585283279418945 1.8635077476501465
Cylinder.769 -35.28109359741211 -18.01445198059082 1.8635077476501465
Cylinder.770 -35.28109359741211 -35.824920654296875 1.8635077476501465
Cylinder.771 -37.714420318603516 -31.948040008544922 1.8635077476501465
Cylinder.772 -37.714420318603516 -29.350955963134766 1.8635077476501465
Cylinder.773 32.75173568725586 28.04926872253418 1.8635077476501465
Cylinder.774 33.56702423095703 28.04926872253418 1.8635077476501465
Cylinder.775 32.75173568725586 28.04926872253418 1.8635077476501465
Cylinder.776 30.566699981689453 28.04926872253418 1.8635077476501465
Cylinder.777 27.43828773498535 28.04926872253418 1.8635077476501465
Cylinder.778 29.223573684692383 27.013416290283203 1.8635077476501465
Cylinder.779 30.322969436645508 27.013416290283203 1.8635077476501465
Cylinder.780 26.35396385192871 28.04926872253418 1.8635077476501465
Cylinder.781 28.510358810424805 28.04926872253418 1.8635077476501465
Cylinder.782 25.877403259277344 32.600563049316406 1.8635077476501465
Cylinder.783 37.21884536743164 16.32768440246582 1.8635077476501465
Cylinder.784 34.52659225463867 15.110858917236328 1.8635077476501465
Cylinder.785 32.623870849609375 15.110858917236328 1.8635077476501465
Cylinder.786 32.623870849609375 16.165842056274414 1.8635077476501465
Cylinder.787 33.814613342285156 16.165842056274414 1.8635077476501465
Cylinder.788 16.17278480529785 12.921466827392578 1.8635077476501465
Cylinder.789 19.28232192993164 12.921466827392578 1.8635077476501465
Cylinder.790 19.28232192993164 31.100759506225586 1.8635077476501465
Cylinder.791 27.810779571533203 23.648338317871094 1.8635077476501465
Fountain -0.5221347808837891 0.0 1.0305685997009277
Ground 0.0 0.0 0.0
Icosphere -25.864423751831055 -29.468408584594727 1.8881340026855469
Icosphere.001 -2.8049683570861816 30.569032669067383 1.8881340026855469
Icosphere.002 29.517627716064453 30.697128295898438 1.8881340026855469
Icosphere.003 29.037036895751953 -13.621405601501465 1.8881340026855469
Plane.001 0.0 0.0 0.0
Plane.002 0.0 19.77481460571289 0.0
Plane.003 0.0 39.35956954956055 0.0
Plane.004 19.25119400024414 39.35956954956055 0.0
Plane.005 19.25119400024414 19.656156539916992 0.0
Plane.006 19.25119400024414 -0.36504173278808594 0.0
Plane.007 19.25119400024414 -19.93988037109375 0.0
Plane.008 -0.30196380615234375 -19.93988037109375 0.0
Plane.009 -20.223552703857422 -19.93988037109375 0.0
Plane.010 -20.223552703857422 -0.07601547241210938 0.0
Plane.011 -19.86591911315918 19.677936553955078 0.0
Plane.012 -19.86591911315918 39.405113220214844 0.0
Plane.013 -19.86591911315918 -39.85797882080078 0.0
Plane.014 -39.92348861694336 -39.85797882080078 0.0
Plane.015 -39.73710250854492 -19.808494567871094 0.0
Plane.016 -39.73710250854492 0.22212600708007812 0.0
Plane.017 -39.73710250854492 19.764436721801758 0.0
Plane.018 -39.73710250854492 19.764436721801758 0.0
Plane.019 -39.73710250854492 39.69873046875 0.0
Plane.020 38.904788970947266 39.69873046875 0.0
Plane.021 38.904788970947266 20.03359031677246 0.0
Plane.022 38.904788970947266 -0.09721565246582031 0.0
Plane.023 38.904788970947266 -19.878232955932617 0.0
Plane.024 38.904788970947266 -39.77515411376953 0.0
Plane.025 19.486709594726562 -39.77515411376953 0.0
Plane.026 -0.5957965850830078 -39.77515411376953 0.0
Statu_lowpoly -0.6009608507156372 31.00414276123047 1.3992515802383423
Statu_lowpoly.001 -3.1036949157714844 28.326431274414062 1.3992515802383423
Statu_lowpoly.002 -0.6009284257888794 28.56118392944336 1.3992515802383423
Statu_lowpoly.003 -20.49295425415039 -23.36067771911621 1.3992515802383423
Statu_lowpoly.004 6.055036544799805 -6.521669387817383 1.3992515802383423
Statu_lowpoly.005 29.095386505126953 32.201820373535156 1.3992515802383423
Statu_lowpoly.006 19.992835998535156 3.799661636352539 1.3992515802383423
Statu_lowpoly.007 -1.4069247245788574 -36.04140853881836 1.3992515802383423
Statu_lowpoly.008 29.519826889038086 -15.598995208740234 1.3992515802383423
Statu_lowpoly.009 28.802146911621094 -35.804359436035156 1.3992515802383423
Statu_lowpoly.010 -2.9678850173950195 -18.579599380493164 1.3992515802383423
Statu_lowpoly.011 -2.9678850173950195 15.517873764038086 1.3992515802383423
Statu_lowpoly.012 10.701250076293945 32.12775421142578 1.3992515802383423
wall2 -9.393729209899902 -12.416426658630371 0.0
wall2.001 7.444713592529297 -12.416426658630371 0.0
wall2.002 7.444713592529297 10.937882423400879 0.0
wall2.003 10.324899673461914 8.001801490783691 0.0
wall2.004 -11.549470901489258 8.029773712158203 0.0
wall2.005 -8.6133394241333 10.909910202026367 0.0
wall2.006 -17.81139373779297 8.5813570022583 0.0
wall2.007 1.6115472316741943 29.76106834411621 0.0
wall2.008 5.647656440734863 27.940532684326172 0.0
wall2.009 5.647656440734863 24.528879165649414 0.0
wall2.010 5.647656440734863 22.760223388671875 0.0
wall2.011 4.9265923500061035 21.657302856445312 0.0
wall2.012 0.9484412670135498 21.657302856445312 0.0
wall2.013 -17.81139373779297 -0.859593391418457 0.0
wall2.014 -3.186002254486084 21.657302856445312 0.0
wall2.015 -10.198100090026855 21.657302856445312 0.0
wall2.016 -14.19713306427002 21.657302856445312 0.0
wall2.017 -11.348347663879395 29.99466323852539 0.0
wall2.018 -17.151737213134766 29.99466323852539 0.0
wall2.019 -17.151737213134766 22.440141677856445 0.0
wall2.020 -1.3212130069732666 26.457109451293945 0.0
wall2.021 -7.204069137573242 26.457109451293945 0.0
wall2.022 -11.348347663879395 39.848670959472656 0.0
wall2.023 -4.52911901473999 39.848670959472656 0.0
wall2.024 -5.496369361877441 29.51327896118164 0.0
wall2.025 -8.060909271240234 35.137718200683594 0.0
wall2.026 -21.077491760253906 -21.289295196533203 0.0
wall2.027 -18.19730567932129 -24.225378036499023 0.0
wall2.028 36.32682418823242 -34.21333312988281 0.0
wall2.029 36.32682418823242 -29.95528221130371 0.0
wall2.030 36.32682418823242 -26.460308074951172 0.0
wall2.031 36.32682418823242 -22.0554256439209 0.0
wall2.032 36.32682418823242 -17.96918487548828 0.0
wall2.033 36.32682418823242 -0.6194896697998047 0.0
wall2.034 36.32682418823242 -4.689995288848877 0.0
wall2.035 33.669254302978516 -40.72149658203125 0.0
wall2.036 27.690181732177734 -40.76454544067383 0.0
wall2.037 16.353967666625977 -40.79441452026367 0.0
wall2.038 38.200984954833984 20.324779510498047 0.0
wall2.039 38.200984954833984 16.44148063659668 0.0
wall2.040 38.200984954833984 28.63759994506836 0.0
wall2.041 38.200984954833984 32.051673889160156 0.0
wall2.042 35.04370880126953 38.9151725769043 0.0
wall2.043 17.154420852661133 38.9151725769043 0.0
